9.780030e+01 1.148287e+02
1.003516e+02 1.149672e+02
1.002998e+02 1.121280e+02
1.019126e+02 1.154554e+02
1.007591e+02 1.132613e+02
9.931639e+01 1.145109e+02
9.946169e+01 1.187380e+02
9.799238e+01 1.154898e+02
9.995603e+01 1.146474e+02
9.537645e+01 1.174507e+02
8.823763e+01 1.003597e+02
8.749560e+01 1.007085e+02
1.015541e+02 1.140077e+02
9.903551e+01 1.185579e+02
9.950052e+01 1.144687e+02
9.979874e+01 1.145067e+02
8.495466e+01 1.000263e+02
9.994083e+01 1.169702e+02
9.012742e+01 1.002243e+02
8.879185e+01 9.967127e+01
8.627545e+01 9.920812e+01
8.777418e+01 9.837307e+01
9.274457e+01 9.932878e+01
9.877266e+01 1.135649e+02
9.674721e+01 1.141150e+02
1.012103e+02 1.193877e+02
8.960499e+01 9.993174e+01
9.950150e+01 1.171833e+02
8.169493e+01 1.031032e+02
8.931726e+01 1.000216e+02
8.862328e+01 9.921811e+01
9.290141e+01 1.003332e+02
9.857499e+01 1.171032e+02
8.295289e+01 9.975402e+01
8.582558e+01 1.012781e+02
9.940795e+01 1.160242e+02
8.457135e+01 9.964077e+01
8.669586e+01 9.830865e+01
1.019172e+02 1.131717e+02
1.014146e+02 1.113663e+02
8.449916e+01 1.014616e+02
1.008537e+02 1.165279e+02
9.372827e+01 1.162007e+02
9.665877e+01 1.168650e+02
9.681234e+01 1.155261e+02
9.963239e+01 1.162425e+02
9.983285e+01 1.143809e+02
1.002223e+02 1.167750e+02
9.634318e+01 1.117298e+02
8.346908e+01 9.932836e+01
1.042416e+02 1.155432e+02
8.885009e+01 9.978239e+01
9.264945e+01 9.934724e+01
1.002544e+02 1.098993e+02
8.514693e+01 1.001563e+02
9.716922e+01 1.151286e+02
8.831821e+01 1.010373e+02
8.828847e+01 9.928654e+01
8.342891e+01 1.014668e+02
8.428083e+01 1.010747e+02
9.988741e+01 1.151885e+02
9.356616e+01 1.002008e+02
8.901907e+01 9.842647e+01
8.976006e+01 9.991257e+01
1.028917e+02 1.165404e+02
1.021941e+02 1.152664e+02
1.022631e+02 1.136403e+02
9.797759e+01 1.160043e+02
9.970393e+01 1.157810e+02
9.035419e+01 1.000989e+02
1.012145e+02 1.171677e+02
1.007473e+02 1.126107e+02
1.052834e+02 1.135456e+02
8.842635e+01 9.924331e+01
9.818791e+01 1.136141e+02
9.914003e+01 1.151204e+02
9.931526e+01 1.162583e+02
9.688526e+01 1.188555e+02
1.014693e+02 1.137193e+02
8.340179e+01 9.962407e+01
1.025357e+02 1.171546e+02
9.084367e+01 9.953765e+01
1.003708e+02 1.135113e+02
1.027766e+02 1.172888e+02
8.858127e+01 1.007726e+02
9.070809e+01 9.983108e+01
9.968585e+01 1.160818e+02
1.001915e+02 1.130940e+02
9.885186e+01 1.135941e+02
1.001410e+02 1.153820e+02
9.998868e+01 1.158743e+02
9.926412e+01 1.152138e+02
1.020966e+02 1.139945e+02
9.946359e+01 1.160704e+02
1.018487e+02 1.179653e+02
1.033091e+02 1.138051e+02
8.918601e+01 9.978941e+01
8.836503e+01 9.817547e+01
9.815110e+01 1.187432e+02
8.366298e+01 1.006271e+02
1.022749e+02 1.178650e+02
8.292332e+01 1.017756e+02
1.023455e+02 1.189581e+02
1.031542e+02 1.144780e+02
8.944473e+01 9.881177e+01
1.009308e+02 1.159403e+02
8.936633e+01 9.878775e+01
1.000919e+02 1.146599e+02
8.576088e+01 9.839161e+01
1.058167e+02 1.156417e+02
1.020338e+02 1.165025e+02
