-1.736282e+00 -9.995620e+00
-1.012842e+01 5.134544e-01
-1.514033e+01 -1.541190e+00
3.059984e+00 -1.070990e+01
-1.406348e+01 9.116773e-01
-6.183578e+00 4.242090e-01
4.135873e+00 -1.552474e+01
-1.566709e+01 -9.361252e-02
-1.295063e+01 -9.144390e-01
-1.697092e+00 -1.445161e+01
-1.629774e+01 -9.603097e-01
-1.457315e+01 -2.071197e+00
1.819412e+00 -1.477290e+01
-1.321926e+00 -1.244771e+01
-1.544544e+01 -5.563724e-01
-6.796970e+00 1.296531e-01
-2.136707e+00 -1.246335e+01
-1.852732e+00 -1.170546e+01
-5.254274e-01 -1.274070e+01
-3.378746e+00 -1.743424e+01
1.225417e+01 1.194448e+01
-4.586290e-01 -1.677722e+01
-2.046683e+01 -1.067012e-01
2.040077e+00 -1.400312e+01
-2.031489e+00 -1.169394e+01
3.429066e+00 -1.347251e+01
3.753498e+00 -1.377840e+01
-1.094582e+01 9.342636e-01
-2.059080e+00 -1.125947e+01
2.830338e+00 -1.620007e+01
-8.414942e+00 1.589781e+00
-7.332073e-01 -1.616564e+01
1.081962e+01 1.590690e+01
-1.076716e+01 -2.531147e-01
1.386701e+01 1.140017e+01
-1.071583e+01 7.307263e-01
-1.572072e+01 -1.650904e-01
-1.486881e+00 -1.661906e+01
-1.060448e+01 1.051204e+00
-1.041437e+01 -4.150323e-02
-1.045460e+01 -6.005785e-01
-1.087282e+01 4.347940e-01
1.161034e+00 -1.353633e+01
-7.867020e+00 -1.059144e-01
-3.530478e-01 -1.669849e+01
-1.017972e+01 1.698280e+00
-1.368353e+01 -1.040377e+00
1.071921e-01 -1.265298e+01
-1.053671e+01 8.013527e-01
-1.323730e+01 9.609465e-01
-7.648768e+00 7.773519e-01
2.983958e+00 -1.208305e+01
-8.918140e+00 2.266541e-01
-1.826620e+01 2.374920e-01
2.061242e+00 -1.289460e+01
-1.519058e+01 7.201151e-01
-1.726714e+01 5.215447e-01
-1.119070e+01 -1.020851e+00
-1.293102e+01 1.542458e+00
-1.789505e+01 -4.552567e-02
4.555642e-01 -1.788288e+01
-4.413192e-01 -1.353366e+01
7.473764e-01 -1.356785e+01
-2.854659e-01 -1.593523e+01
1.756678e+00 -1.482631e+01
1.232952e+00 -1.634741e+01
2.007380e+00 -1.586267e+01
2.989952e+00 -1.374218e+01
1.325555e+01 1.240708e+01
6.285929e-01 -1.498612e+01
-2.276408e+00 -1.540859e+01
-1.361194e+01 -4.015727e-01
-1.293225e+01 4.174036e-01
-1.594332e+00 -1.726454e+01
2.628334e+00 -1.819291e+01
-8.790847e+00 1.739580e-01
-1.755926e+01 -5.137534e-01
-2.068902e-01 -1.701035e+01
1.991972e+00 -1.700710e+01
-3.275565e+00 -1.187794e+01
-5.071826e+00 9.130782e-01
2.705045e+00 -1.306131e+01
-1.592242e+01 -7.968847e-01
9.855695e+00 1.233491e+01
1.461269e+00 -1.787852e+01
1.458756e+00 -1.978118e+01
-8.911170e-01 -1.623702e+01
4.398077e-02 -1.518583e+01
2.873051e+00 -1.731433e+01
-1.594114e+01 1.454749e-01
-1.251612e+01 -1.652835e-01
2.641595e+00 -1.493545e+01
-1.338778e+01 -3.212949e-01
2.434277e+00 -1.036111e+01
-1.269774e+01 1.926155e-01
-1.833327e+00 -1.844153e+01
1.241766e+01 1.091211e+01
-1.638846e+00 -1.991246e+01
1.622364e+00 -1.709963e+01
-1.796065e+00 -1.060749e+01
8.978600e-01 -1.524702e+01
-1.347666e+01 -1.811315e+00
-1.025780e+01 2.987612e-01
-1.789931e+00 -1.362765e+01
-1.613199e+01 -2.257763e-01
-2.006123e+00 -1.410867e+01
-1.305815e+01 1.829604e-01
-9.236085e+00 -4.871077e-01
-1.779898e+01 5.665088e-02
-1.577530e-02 -1.107750e+01
-1.405556e+01 -1.195127e+00
2.295399e+00 -1.534440e+01
-9.479866e-01 -1.542574e+01
-8.338764e-02 -1.351183e+01
-6.337524e+00 -2.262594e-01
-1.844938e+01 -8.779037e-01
2.750461e+00 -1.810779e+01
4.116399e+00 -1.384510e+01
-2.334872e+00 -1.603251e+01
-8.723762e+00 2.423454e-01
2.304756e+00 -1.480432e+01
-1.550450e+01 -5.802376e-01
-1.357050e+01 4.566722e-01
-6.028919e+00 -5.001926e-01
-2.107648e+00 -1.797377e+01
-2.427130e+00 -1.787590e+01
1.162522e+01 1.411735e+01
1.256435e+01 1.251245e+01
-1.199716e+01 -1.063144e+00
-1.821548e+01 -7.410656e-01
-4.869936e-01 -1.569171e+01
-1.434479e+01 3.989857e-01
-1.210583e+01 3.976189e-01
1.382982e+00 -1.934823e+01
-2.769320e-01 -1.605579e+01
2.206797e-01 -1.440206e+01
-1.767172e+01 -1.358335e+00
3.841379e+00 -1.200536e+01
-1.136498e+01 -1.307458e+00
-1.528523e+00 -1.277835e+01
1.563426e+00 -1.465673e+01
7.201073e-01 -1.525671e+01
-1.283030e+01 8.970828e-01
5.532140e-01 -1.684334e+01
-1.102136e+01 4.457608e-01
1.143339e+01 1.388229e+01
3.268304e+00 -1.526261e+01
-1.355944e+01 -8.738947e-01
-8.752182e+00 9.870102e-01
-6.993388e-01 -1.649606e+01
-1.395803e+00 -1.740237e+01
-1.216638e+01 -6.130683e-01
2.100165e+00 -1.287128e+01
1.894856e+00 -1.683212e+01
1.408359e+01 1.159266e+01
-5.597895e-01 -1.742498e+01
-1.451073e+01 -7.871590e-02
-1.010400e+01 -1.470247e-03
-1.527007e+01 -4.741300e-01
-5.284080e+00 -4.279319e-01
-3.120196e+00 -1.255818e+01
-3.864655e+00 -1.742859e+00
-1.590027e+00 -1.565633e+01
-1.566906e+00 -1.458235e+01
-8.597932e-01 -1.257208e+01
-1.708539e+01 -1.639557e+00
2.677122e+00 -1.648527e+01
-9.784841e+00 -9.050287e-01
-9.587728e-01 -1.582917e+01
-1.654644e+01 -1.375524e+00
-1.391069e+01 -6.792472e-01
4.104009e-01 -1.568016e+01
-8.089303e-01 -1.584546e+01
-8.923745e-01 -1.647044e+01
2.061359e+00 -1.566459e+01
-1.318289e+01 -5.266625e-01
-1.295042e+01 -5.662081e-01
-8.531981e+00 2.027249e-01
1.939964e+00 -1.543818e+01
-1.783373e+00 -1.794075e+01
-6.333716e+00 1.424655e-01
-4.546968e+00 -1.754335e+01
-1.501888e+01 6.332626e-01
4.500682e-01 -1.463042e+01
-8.322268e-01 -1.508401e+01
-9.470341e+00 -4.368559e-01
-9.581459e+00 -1.022705e+00
-1.514209e+01 -5.591595e-04
-6.364443e-01 -1.375096e+01
-9.610039e+00 -5.591734e-01
-8.185642e+00 7.807397e-01
-2.030406e+00 -1.253622e+01
-1.407471e+01 -1.754669e+00
-1.194272e+01 1.926962e-01
-1.276472e+01 -1.615908e+00
3.086085e-01 -1.107664e+01
-1.718932e+00 -1.362894e+01
-1.163045e+01 8.047734e-01
-9.600438e+00 1.306957e-01
-6.784030e-01 -1.882967e+01
-1.186588e+01 1.173703e+00
8.391996e+00 1.601452e+01
-8.544882e+00 1.330692e+00
3.341653e+00 -1.655318e+01
-1.796282e+00 -1.710220e+01
3.634926e+00 -1.312863e+01
2.290743e+00 -1.458290e+01
-1.153843e+01 6.134939e-02
1.221260e+01 1.215622e+01
-1.682645e+01 -9.400369e-01
-1.439155e+01 6.109583e-01
-1.659990e+01 -5.632198e-01
-8.860481e+00 2.239596e-01
-1.336137e+01 -2.317606e-01
-1.157968e+01 1.055964e+00
-1.568234e+01 -1.158924e+00
1.138172e+01 1.205645e+01
2.416989e+00 -1.603902e+01
2.098353e-02 -1.457250e+01
-1.208915e+01 3.704333e-01
1.365100e+00 -1.015680e+01
9.442886e+00 1.324465e+01
4.402429e+00 -1.456914e+01
2.836561e+00 -1.265463e+01
1.283320e+01 1.389756e+01
-1.650919e-01 -1.730800e+01
-1.558003e+00 -1.679671e+01
1.285779e+01 1.236047e+01
-1.324168e+00 -1.750328e+01
3.793393e+00 -1.201620e+01
5.658778e-01 -1.848865e+01
-1.001291e+01 -1.729466e+00
-6.851123e+00 -8.173902e-01
4.863810e-01 -1.676919e+01
2.583290e+00 -1.398729e+01
-1.073452e+01 -3.230301e-01
1.007873e+00 -1.737305e+01
-9.881379e+00 -1.681071e-01
2.808657e-02 -1.758809e+01
-1.109090e+01 -8.581672e-01
-1.366105e+01 -1.287348e+00
-8.013795e+00 1.245849e+00
1.438695e+01 7.828258e+00
-1.191855e+01 6.778972e-01
-7.478717e+00 -4.566879e-01
-1.287803e+01 -7.475863e-01
7.642769e-01 -1.316530e+01
2.190784e+00 -1.496607e+01
1.603605e+01 1.383866e+01
1.515093e+01 9.974923e+00
-2.198157e+00 -1.591781e+01
1.425937e+00 -1.830460e+01
-1.240696e+01 -1.045912e+00
1.203104e+01 1.066006e+01
1.535219e-01 -1.255795e+01
-2.006645e+01 -2.552194e+00
-1.449677e+01 5.047452e-01
-4.403338e-01 -1.459329e+01
-1.484477e+01 -3.859140e-01
-1.523075e+01 -1.579550e-01
-6.894969e+00 1.002540e+00
-1.474987e+00 -1.407399e+01
-1.340624e+00 -1.619899e+01
2.469115e+00 -1.474299e+01
-2.139117e+01 -8.770054e-01
-1.163634e+01 5.541898e-01
-1.778185e+00 -1.506684e+01
-1.705775e+00 -1.649016e+01
-1.203451e+01 -1.691940e+00
-6.411037e-01 -1.689241e+01
-1.679514e+01 -8.439224e-01
-1.398573e+01 -4.470457e-01
4.929402e-03 -1.478475e+01
2.451207e+00 -1.376296e+01
7.264091e-01 -9.118104e+00
-3.020069e-01 -1.541735e+01
-1.113406e+01 2.177214e+00
-1.893187e+00 -1.769606e+01
9.346739e+00 1.409210e+01
1.310603e+00 -1.495505e+01
-5.610492e+00 1.007764e+00
-2.697477e+00 -1.809999e+01
-1.245875e+01 -8.819628e-01
6.653723e+00 1.281100e+01
1.018697e+01 8.807989e+00
-1.103058e+01 -1.712866e-01
3.357481e-01 -1.459283e+01
-7.768860e+00 3.984591e-01
-9.818706e+00 5.127772e-01
-1.377745e+01 1.179673e-01
-1.192019e+00 -1.406418e+01
-1.896496e+01 7.476442e-01
1.199944e+01 1.357337e+01
-1.485786e+01 2.480296e+00
-1.909580e+00 -1.395692e+01
-1.257026e+01 2.202512e-01
1.082399e+00 -1.689132e+01
-2.532566e+00 -1.549983e+01
1.049841e+00 -1.673110e+01
-1.186264e+01 3.295569e-01
-2.175539e+00 -1.360780e+01
-1.216724e+00 -1.572573e+01
2.523786e+00 -1.448102e+01
1.066256e+01 1.466828e+01
-1.227760e+01 6.027429e-01
-1.717853e+00 -1.373566e+01
-1.607193e+01 -6.116957e-01
-1.581376e+01 1.029511e+00
-1.319727e+00 -1.681043e+01
1.538032e+01 1.641612e+01
-1.379813e+01 3.385478e-01
-1.196635e+00 -1.686722e+01
1.503939e+01 1.555341e+01
-1.447502e+01 -1.323736e+00
1.040042e+01 1.244725e+01
1.625475e+00 -1.499985e+01
-1.567817e+01 1.308744e+00
-1.242784e+01 -2.060512e-01
-2.204209e+00 -1.723007e+01
-1.432886e+01 -7.015234e-01
-3.152081e-01 -1.884522e+01
-1.288563e+01 -7.796681e-01
-1.226140e+01 2.588100e+00
1.784662e-01 -1.265929e+01
-1.145342e+01 5.443991e-01
-1.192228e+01 1.448442e+00
-4.942865e-01 -1.400006e+01
-7.114785e+00 -3.057618e-01
-1.331632e+01 -2.508565e+00
-1.301255e+01 6.982558e-01
-1.294191e+01 4.067694e-01
5.005010e-01 -1.379324e+01
-3.350051e-01 -1.592280e+01
2.061184e+00 -1.726979e+01
-1.643694e+01 1.466265e+00
5.034277e-01 -1.405893e+01
2.460606e+00 -1.515649e+01
-1.284332e+01 1.160553e+00
1.540279e+00 -1.586508e+01
-1.372272e+01 5.705542e-02
-1.897086e+00 -2.146309e+01
-1.099137e+01 -1.594491e-01
-1.330178e+01 -7.966000e-03
6.453408e-01 -1.481418e+01
-1.303889e+01 -9.311710e-01
-8.030843e-01 -1.650029e+01
1.690916e+00 -1.527528e+01
-1.348227e+01 -9.377775e-01
-8.388459e+00 3.290850e-01
-1.337203e+01 1.046836e-01
-6.257029e-01 -1.631433e+01
1.133129e+01 1.106030e+01
1.207447e+00 -1.365382e+01
9.264234e-01 -1.878181e+01
-1.768662e+00 -1.428924e+01
1.314120e+00 -1.078919e+01
-3.766549e-02 -1.524586e+01
-1.289212e+01 2.027715e+00
-1.196348e+01 1.144256e+00
-8.994103e+00 -8.987055e-01
-1.765783e+00 -1.826596e+01
-9.376646e+00 1.165789e+00
9.795693e+00 1.019595e+01
1.539214e+01 1.342759e+01
-1.704377e+00 -1.168916e+01
-1.353347e-01 -1.641621e+01
-1.298049e+01 -6.977143e-01
-1.189673e+01 -1.148740e+00
-1.722567e+01 9.186569e-01
1.110316e+00 -1.229900e+01
-1.529872e+01 3.075790e-01
-1.579258e+01 -8.207277e-01
-9.737829e+00 7.220788e-01
-1.581196e+01 -7.131887e-01
-7.000096e+00 1.924793e-01
-1.204870e+01 -6.817129e-01
-1.452004e+00 -1.338331e+01
-1.190769e+01 -1.065421e+00
-9.216625e-02 -1.489134e+01
3.737306e-03 -1.178931e+01
1.081514e+01 9.235019e+00
-6.647505e+00 -7.636130e-01
3.269377e+00 -1.716516e+01
-1.198081e+01 3.143203e-01
-1.016259e+01 -2.086918e-01
-4.069077e-01 -1.194442e+01
-1.052742e+01 -4.927934e-01
-8.860290e-01 -1.495768e+01
6.819073e-01 -1.707526e+01
-1.311431e+01 -1.793426e+00
1.459165e+00 -1.138670e+01
-1.672202e+01 -3.753003e-01
-1.015704e+01 1.299211e+00
-1.242093e+01 8.017256e-01
-8.992865e-01 -1.545602e+01
1.253951e+00 -1.331137e+01
-1.087713e+01 6.502487e-01
1.202837e+00 -1.358458e+01
-2.425297e-01 -1.193812e+01
-9.665358e+00 8.853254e-02
-9.723006e+00 -4.183292e-01
-1.746843e+01 3.226354e-01
1.391794e+01 1.059129e+01
-1.287254e+01 -1.413290e-01
-7.152689e-01 -1.719776e+01
-1.398490e+01 -2.096272e+00
-9.824870e+00 1.530366e-01
1.093477e+01 1.230403e+01
-2.476475e+00 -1.109006e+01
-1.383737e+01 -2.320052e+00
-1.475303e+01 2.800695e-01
-5.854576e+00 -6.638582e-02
-6.024487e+00 -1.462764e+01
-4.645901e-01 -1.636762e+01
-1.050145e+01 1.702736e-01
-1.054657e+01 8.217139e-01
1.122649e+00 -1.385466e+01
-1.401856e+00 -1.710052e+01
-1.106776e+01 -8.232207e-01
2.362395e-01 -1.569105e+01
4.231181e+00 -1.433300e+01
9.005431e+00 1.232831e+01
-1.598453e+01 -1.595829e+00
1.736829e-01 -1.582726e+01
7.313822e-01 -1.534121e+01
-1.269456e+01 1.023757e-01
-1.749096e+01 -1.665244e+00
2.826360e+00 -1.580772e+01
1.092966e+01 1.212907e+01
1.516812e+00 -1.878990e+01
-1.122074e+01 -6.522743e-01
1.085594e+01 1.261957e+01
-6.189658e+00 -2.846518e-01
-4.328605e+00 -1.364109e+01
-1.540659e+01 1.952778e-03
2.146918e+00 -1.632821e+01
-1.120537e+01 7.108852e-01
-2.599097e+00 -1.525271e+01
-1.550192e+01 -1.058131e+00
-1.348266e+01 -2.233166e-01
-1.306580e+01 1.880979e+00
-1.174789e+01 -6.378127e-01
1.989920e+00 -1.538565e+01
-2.841100e+00 -1.547742e+01
-1.700856e+01 4.343518e-01
-1.690609e+01 -1.214133e+00
-1.785718e+00 -1.756029e+01
1.056505e+01 1.446310e+01
1.480647e+01 1.321575e+01
-7.002289e-01 -1.681638e+01
2.593950e-01 -1.151659e+01
-1.162181e+01 1.593977e+00
-1.861496e+01 -5.485442e-01
-1.460282e+01 -1.299437e+00
-1.029199e+01 1.440736e-01
-1.265691e+01 7.701041e-01
1.242598e+01 1.493096e+01
-9.275980e-01 -1.475876e+01
-1.073884e+01 1.533699e+00
-1.238144e+00 -1.824967e+01
-1.022563e+00 -1.769826e+01
2.113738e+00 -1.664416e+01
-7.993083e+00 1.147395e+00
-4.490932e+00 1.005417e+00
3.983090e+00 -1.940225e+01
-7.454211e+00 1.318011e+00
1.191692e+01 1.318988e+01
8.628148e+00 1.249630e+01
-1.492280e+01 -1.239352e-01
3.125572e+00 -1.427342e+01
-9.200973e+00 3.688135e-01
-6.427073e+00 1.126881e-01
-1.332558e+01 -7.426760e-01
1.848346e+00 -1.303845e+01
-6.609303e-01 -1.709840e+01
3.681308e-01 -1.581491e+01
1.540412e+01 1.448976e+01
2.528288e+00 -1.649478e+01
-9.863264e+00 4.905437e-01
-1.077865e+01 7.304681e-03
-4.140818e-01 -1.861550e+01
1.948225e+00 -1.610852e+01
-1.389188e+01 -9.823378e-01
-4.280863e+00 -1.312862e+01
3.956766e-01 -1.637916e+01
-6.297226e-01 -1.672502e+01
1.156423e+01 1.261479e+01
2.381255e+00 -1.640721e+01
-6.112419e+00 1.826831e-01
2.030252e+00 -1.793521e+01
-1.097255e+01 -5.404096e-02
2.420587e+00 -1.413305e+01
-1.019435e+01 -1.146862e-01
-2.136782e+00 -1.549570e+01
3.689092e-01 -1.590742e+01
-3.976903e+00 -1.434130e+01
-1.368784e+01 1.641034e+00
-1.120634e+01 -1.159163e+00
7.096758e-01 -1.255001e+01
-7.489060e+00 1.567905e+00
-1.288603e+01 -2.553962e-01
-1.038833e+00 -1.132143e+01
-1.048916e+00 -1.349878e+01
-1.959142e-01 -1.199834e+01
8.803497e-01 -1.087208e+01
-1.099938e+01 4.396064e-01
-2.479013e+00 -1.419121e+01
-1.103804e+01 3.991652e-01
-1.035072e+01 -8.162180e-01
-1.518477e+01 1.049771e+00
1.272209e+00 -9.529159e+00
-1.658415e+01 -1.421549e+00
-8.038012e+00 -1.465938e-02
-1.807171e+01 -1.004283e+00
-2.781628e+00 -1.459814e+01
5.136613e+00 -1.514528e+01
1.461724e-01 -1.242597e+01
-7.587347e-01 -1.517989e+01
-5.134783e+00 1.009383e-01
-1.216934e+00 -1.455249e+01
-7.360893e-01 -1.398989e+01
-2.177686e+00 -1.360109e+01
-1.412488e+00 -1.783624e+01
-9.209120e+00 -2.449994e-01
-1.125221e+01 7.093416e-01
-3.633462e-01 -1.571940e+01
-2.423390e+00 -1.683938e+01
1.314301e+01 1.069300e+01
-4.230608e+00 -1.628412e+01
-9.803920e+00 -3.772284e-01
1.379935e+01 1.166528e+01
-1.188112e+01 8.605996e-01
-4.596521e-01 -1.693942e+01
-1.684343e+00 -1.611001e+01
-2.062093e+00 -1.494480e+01
1.002679e+00 -1.451720e+01
-9.424896e+00 -8.699654e-01
-1.696185e+01 5.452149e-01
-1.032513e+01 -1.730244e-01
1.280048e+00 -1.073594e+01
-1.021268e+01 1.404505e+00
9.654352e-01 -1.413174e+01
1.158430e+01 9.585455e+00
-2.759664e-01 -1.646818e+01
-1.080072e+01 -8.316628e-01
-3.344409e-02 -1.245495e+01
5.751794e+00 -1.621572e+01
3.468762e-01 -1.652782e+01
4.394242e-01 -1.423539e+01
6.254748e+00 -1.177652e+01
8.288209e-01 -1.664652e+01
-1.025376e+01 1.470431e+00
-9.894049e-01 -1.575249e+01
-1.352688e+00 -1.607392e+01
-9.104529e+00 -8.173342e-02
-1.076456e+01 1.690149e+00
1.336096e+00 -1.124676e+01
-2.946446e+00 -1.426744e+01
1.640181e+00 -1.316562e+01
-6.067905e+00 1.366309e-01
-1.394618e+01 -1.386010e-02
1.119497e+01 8.840470e+00
7.292924e-01 -1.337355e+01
3.299817e+00 -1.310815e+01
-5.407136e-01 -1.473232e+01
1.358981e+00 -1.583026e+01
8.156308e+00 8.560229e+00
-6.750252e+00 3.919805e-01
-7.412714e+00 6.525004e-01
-5.580630e-01 -1.413163e+01
-1.799930e+01 -1.185921e+00
1.913219e+00 -1.686762e+01
5.230852e-01 -1.298768e+01
-1.069763e+01 1.775918e-01
-8.565051e+00 3.319787e-01
8.310219e-01 -1.035526e+01
-1.832560e+00 -1.376294e+01
-1.562224e+01 -9.077525e-01
1.512112e+00 -1.437888e+01
-1.400874e+01 -2.730380e+00
1.292563e+01 9.019388e+00
-7.980793e+00 9.000174e-01
1.744464e+00 -1.204426e+01
-1.051151e+00 -1.680712e+01
-7.555456e+00 -1.654551e+00
-8.232511e-01 -1.332323e+01
8.442075e-01 -1.306221e+01
1.029712e+01 1.178655e+01
-9.400378e+00 1.204449e+00
1.498444e+00 -1.443664e+01
1.214901e+00 -1.298195e+01
-1.197986e+01 7.554565e-01
-1.154274e+00 -1.610667e+01
1.354720e+01 1.133867e+01
-1.106051e+00 -1.657710e+01
-1.989296e+00 -1.873008e+01
-1.765594e+00 -1.731253e+01
-1.163695e+01 8.718932e-01
6.907453e-01 -1.144582e+01
-1.206191e+01 -5.036618e-01
-1.394365e+01 -2.548141e-01
-6.836268e-01 -1.369222e+01
6.742202e-01 -1.377813e+01
-1.146252e+01 1.378304e+00
6.574939e+00 8.312618e+00
1.117435e+00 -1.679483e+01
1.117245e+01 7.981158e+00
-1.629150e+01 -1.892042e+00
-1.203394e+01 7.473237e-01
-1.025376e+01 2.377221e+00
-1.021046e+01 -2.316666e-01
-9.311081e-01 -1.562074e+01
-1.256904e+01 1.377791e+00
-1.586036e+01 -3.902295e-01
-6.975957e+00 8.584140e-01
9.513298e-01 -1.588658e+01
1.438767e+00 -1.252822e+01
-1.624826e+01 6.836921e-01
-9.120578e-01 -1.930194e+01
-1.070092e+01 2.488962e-01
-3.048892e+00 -1.649733e+01
-1.469326e+01 -4.145628e-01
1.068459e+01 1.389690e+01
-1.169386e+01 2.068463e+00
-1.015464e+01 6.447697e-01
2.540346e+00 -1.547971e+01
7.960327e-01 -1.868616e+01
-6.865215e-02 -1.581271e+01
-7.340080e+00 1.180300e+00
-1.219179e+01 -1.147242e+00
-1.481853e+01 -1.817059e+00
-1.309568e+01 3.412000e-01
1.097265e+00 -1.556314e+01
-1.377956e+01 -3.456015e-01
1.763803e+00 -1.219697e+01
-8.887694e+00 2.077361e+00
1.454831e+01 1.256363e+01
9.202190e-01 -1.073806e+01
-1.616648e+01 -1.196201e+00
2.127720e+00 -1.158835e+01
-1.468458e+01 -1.967356e+00
-1.525839e+01 -9.716355e-01
-1.038126e+01 2.130384e-01
-1.063618e+01 -3.974435e-01
-1.301022e+01 -8.430183e-01
4.898579e-01 -1.414910e+01
5.635844e-01 -1.828497e+01
1.668734e+00 -1.501299e+01
-8.373077e+00 3.050360e-01
-1.408711e+01 9.013122e-01
1.505014e+00 -1.742900e+01
1.444557e-01 -1.870472e+01
-1.828826e+00 -1.507154e+01
-4.403932e-01 -1.639702e+01
-1.585212e+01 1.132914e+00
9.799840e+00 1.209301e+01
-2.187859e+00 -1.760950e+01
-3.432216e+00 -1.318342e+01
-1.051742e+00 -1.403572e+01
1.027183e+00 -1.499660e+01
2.133925e+00 -1.337083e+01
2.320721e-01 -1.328525e+01
-3.521951e-02 -1.647176e+01
-1.388569e+01 -1.113971e+00
-3.181493e-01 -1.659532e+01
-1.055895e+01 9.953042e-01
-2.485597e-01 -1.680875e+01
8.573274e-01 -1.590704e+01
1.280981e-01 -1.158500e+01
-8.932154e+00 -1.151130e+00
-2.245826e+00 -1.808296e+01
-1.233200e+01 -6.483403e-01
-1.085298e+00 -1.279781e+01
1.556196e+00 -1.609780e+01
2.777741e+00 -1.428632e+01
-1.666586e+01 4.358655e-01
-1.175033e+01 7.535482e-01
2.359690e+00 -1.220176e+01
-1.220716e+01 1.566941e-01
-1.188549e+01 -9.213865e-01
-5.011170e+00 1.057895e+00
-9.636149e-01 -1.642785e+01
-5.807821e-01 -1.611682e+01
-1.474660e+01 -2.266472e+00
1.418474e+00 -1.369171e+01
-7.907256e+00 1.203834e+00
-9.593510e-02 -1.595384e+01
-1.187907e+01 -3.256629e+00
1.061859e+00 -1.543020e+01
-1.085880e+01 -9.052805e-01
-1.521578e-01 -1.426819e+01
-3.709639e+00 -1.533780e+01
-3.587970e+00 -1.240393e+01
-2.665589e-01 -1.337406e+01
1.037969e+00 -1.712873e+01
-1.070087e+01 1.405713e+00
-1.220595e+00 -1.544515e+01
6.600732e-01 -1.522337e+01
-9.966167e+00 1.778662e+00
-1.191576e+01 -1.761658e-01
1.214732e+00 -1.498676e+01
-6.959516e-01 -1.999471e+01
-1.351750e+01 -3.538492e-01
2.322882e+00 -1.422714e+01
-1.338853e+01 -5.387481e-02
-1.486795e+00 -1.568404e+01
-4.771924e+00 1.868477e-01
-8.889651e+00 7.522204e-03
-8.713751e+00 2.430081e+00
-2.416097e+00 -1.684311e+01
-1.456259e+01 1.777113e+00
-1.788918e+01 -2.849833e+00
-9.668914e+00 4.166173e-01
-8.354204e+00 1.116992e+00
-3.250245e+00 -1.534791e+01
1.216108e+01 1.313414e+01
-9.350432e-01 -2.005337e+01
1.128838e+01 1.535328e+01
1.407186e+01 1.057197e+01
-8.448671e+00 6.625692e-01
-7.919626e+00 1.208631e-01
-7.989735e+00 1.196222e-02
-7.806435e-01 -1.663847e+01
-1.137691e+01 -9.456109e-01
-1.453821e+00 -1.475869e+01
3.475919e+00 -1.374003e+01
-1.590776e+00 -1.331079e+01
-2.041538e+01 4.505048e-01
-1.310306e+01 -4.642723e-01
-1.058261e+00 -1.551309e+01
-9.649747e+00 -7.912803e-01
1.945159e+00 -1.529130e+01
1.956820e-01 -1.722079e+01
1.411775e+00 -1.831984e+01
6.883190e+00 1.094093e+01
-1.153081e+01 7.774940e-01
-9.710014e+00 9.040478e-01
1.444610e+01 9.622649e+00
-1.823803e+01 -1.653802e+00
8.948272e-01 -1.646028e+01
-1.250900e+01 2.502962e+00
1.222952e+01 1.036114e+01
-7.403443e-01 -1.457086e+01
2.313860e+00 -1.465970e+01
8.761985e-01 -1.365848e+01
-1.137973e+01 2.035208e+00
1.165727e+01 1.362028e+01
-1.434018e+01 1.107596e+00
-1.215751e+00 -1.526003e+01
-1.089997e+01 4.464812e-01
4.191536e-01 -1.265909e+01
-2.232038e+01 -1.084041e+00
-1.467899e+01 2.133568e+00
-1.342442e+01 6.905961e-01
-1.189253e-01 -1.451605e+01
3.614314e+00 -1.263294e+01
1.069056e+00 -1.497480e+01
-1.802606e-01 -1.806941e+01
-4.140857e+00 -1.549758e+01
1.362143e+01 1.218434e+01
1.029919e+01 1.061534e+01
-1.855684e+01 -5.954639e-02
-1.376430e+01 -1.034785e+00
9.371578e+00 1.000749e+01
-2.562398e+00 -1.657931e+01
-6.761226e+00 3.430940e-01
-1.359814e+01 -8.804435e-01
-1.428023e+01 -1.123860e+00
-1.165724e+01 -4.804056e-01
-1.386093e+00 -1.639193e+01
-1.896740e+00 -1.740805e+01
-5.675225e-01 -1.589597e+01
2.127803e+00 -1.481269e+01
-1.232390e+00 -1.371457e+01
-1.420027e+00 -1.592168e+01
-1.070278e+01 -4.811006e-01
2.041961e+00 -1.489753e+01
1.015693e+00 -1.773417e+01
-9.783123e+00 9.873008e-01
-1.158877e+01 1.252101e-01
1.342476e+01 1.485298e+01
1.219847e+01 1.289510e+01
-9.335811e+00 -8.101205e-01
4.068363e-01 -1.293243e+01
-1.075029e+01 3.650544e-01
-1.634422e+01 -9.832344e-01
-1.532952e+00 -1.336849e+01
9.326243e-01 -1.179026e+01
-7.669865e-01 -1.692514e+01
-1.366850e+01 -3.153254e-01
-1.276844e+01 -4.093093e-01
1.352383e+01 1.319777e+01
-1.467834e+01 4.960809e-01
2.416375e+00 -1.364443e+01
9.098006e-01 -1.348954e+01
-5.229890e-01 -1.472992e+01
1.920855e+00 -1.837529e+01
3.418985e+00 -1.639200e+01
-6.093172e+00 -4.598209e-01
-1.310943e+01 3.743157e-01
-1.402961e+01 -2.091683e+00
7.955919e-01 -1.719600e+01
4.837807e-01 -1.535614e+01
-1.137343e+01 1.141249e+00
-8.389930e-02 -1.450990e+01
-1.337324e+01 -2.352123e+00
-1.076723e+01 -4.932019e-01
-9.035355e+00 -3.613737e-01
-1.629076e+00 -1.532349e+01
-6.871450e+00 2.296213e+00
-9.339617e+00 3.806034e-01
-1.754300e+00 -1.716723e+01
2.124297e+00 -1.356992e+01
-8.594732e+00 3.497182e-01
-1.634685e+01 6.616072e-01
1.122785e+00 -1.461990e+01
-2.643448e+00 -1.531797e+01
-1.253217e+01 -1.643939e-01
-4.358424e+00 -1.390375e+01
-1.002221e+01 3.475631e-01
-7.036308e-01 -1.307952e+01
-7.959891e-01 -1.611774e+01
1.432995e+01 1.105215e+01
1.560446e+00 -1.327023e+01
-3.263346e+00 -1.741257e+01
-9.041999e-01 -1.848998e+01
9.300035e+00 1.440854e+01
6.447428e-01 -1.797723e+01
-1.331168e+01 -4.737289e-02
4.680732e-01 -1.443140e+01
1.467562e+01 1.149410e+01
9.704469e+00 1.528144e+01
-1.217399e+01 7.550777e-01
-1.235752e+00 -1.351136e+01
-1.059666e+00 -1.453818e+01
-1.074697e+01 -4.027928e-01
7.221239e+00 1.129489e+01
-1.311988e+01 -1.107452e+00
-1.266250e+01 3.934090e-01
2.712501e+00 -1.687698e+01
-5.554863e+00 6.807867e-01
-1.336521e+01 -1.247768e-01
-1.624416e+01 -8.530508e-01
1.091257e+01 1.240848e+01
-1.388235e+01 -2.396694e-01
-1.444309e+01 -1.364685e+00
-1.394141e+00 -1.503031e+01
-2.317658e+00 -1.553801e+01
-6.299965e-03 -1.681623e+01
-8.390963e+00 5.482452e-01
-1.512868e+01 3.894767e-02
3.121506e+00 -1.342071e+01
-1.523534e+01 8.207873e-02
2.294807e+00 -1.257722e+01
-7.941555e+00 -1.160842e-01
1.082398e+01 8.184826e+00
-1.718550e+00 -1.775369e+01
3.599681e-01 -1.585342e+01
-7.257193e+00 1.369538e-01
-7.341859e+00 -1.588558e+00
-2.923060e+00 2.190661e-01
-1.130147e+00 -1.916540e+01
8.670170e+00 1.278459e+01
-8.674659e+00 2.124207e-01
-7.236203e-01 -1.597470e+01
-6.238396e-01 -1.742716e+01
-1.322220e+01 -2.244242e-01
-9.787051e+00 -2.423232e-01
-1.018247e+01 2.110807e-01
-1.441185e+01 -1.228769e+00
1.115372e+00 -1.369740e+01
3.089429e-02 -1.841348e+01
-1.007429e+01 1.391604e+00
-1.630420e+00 -1.563845e+01
-1.585512e+01 8.393322e-01
-1.099757e+01 4.184133e-01
-8.386006e-02 -1.547094e+01
2.561267e+00 -9.206335e+00
-1.358549e+01 -6.922614e-01
-1.491579e+01 9.071961e-02
-8.469206e+00 1.569942e+00
-2.509043e+00 -1.318568e+01
-3.781852e+00 -1.746305e+01
-1.284146e+01 6.594715e-01
-9.932112e-01 -1.296646e+01
-1.461759e+01 5.697586e-01
-1.277447e+01 -4.493925e-02
-1.775302e+01 1.350969e+00
-7.822828e+00 -1.616476e-02
-6.545093e-01 -1.612648e+01
-1.550879e+00 -1.460177e+01
-1.518297e+00 -1.936557e+01
-1.250577e+00 -1.781701e+01
1.185289e+00 -1.302725e+01
-6.377761e-01 -1.682372e+01
-6.641805e+00 1.897040e+00
8.172452e-01 -1.604992e+01
1.537970e-01 -1.612219e+01
-2.069736e+00 -1.356968e+01
-1.198981e+01 -3.124816e-01
-1.266361e+01 5.855726e-01
-6.545787e-01 -1.582457e+01
-1.463028e+01 -3.715070e-01
-2.358583e+00 -1.588497e+01
1.175901e+01 1.014088e+01
1.120692e+01 1.197178e+01
8.274897e+00 1.311766e+01
-1.690606e+00 -1.216420e+01
-9.283727e+00 -2.978702e+00
-1.673473e+01 -1.694501e+00
-4.070790e-01 -1.763936e+01
-1.371717e+01 -1.014379e+00
-1.515027e+01 2.794479e-01
-3.465159e-01 -1.592794e+01
-1.540511e+01 3.676181e-01
-1.469540e+01 -9.296001e-01
-9.752393e-02 -1.497407e+01
-1.436000e+00 -1.408385e+01
8.239128e-01 -1.620318e+01
-1.690506e+00 -1.453979e+01
-1.168922e+00 -1.841661e+01
-1.529093e+01 4.937228e-01
-5.634269e+00 4.702663e-01
-5.636422e-01 -1.382362e+01
1.576991e+00 -1.478097e+01
4.056520e+00 -1.716143e+01
-1.648559e+01 2.746811e-01
-8.578881e+00 8.901118e-01
-8.926578e+00 2.495755e-01
7.194664e-01 -1.605993e+01
-1.366631e+01 1.807831e-01
-9.250373e+00 4.511190e-01
1.577291e+01 1.310183e+01
-2.023911e+00 -1.646120e+01
-4.010843e+00 -1.852420e+01
1.829672e-01 -1.133454e+01
6.235450e+00 1.342555e+01
1.550345e+00 -1.562910e+01
-1.324626e+01 1.197112e-01
-4.500418e-02 -1.512483e+01
6.909646e-01 -1.571453e+01
1.049167e+01 1.140182e+01
2.509839e-01 -1.360921e+01
-1.381645e+01 -1.005595e+00
-1.146799e+01 5.074625e-01
1.166320e+00 -1.921247e+01
-1.486423e+01 5.076862e-01
-1.337372e+01 -2.922960e-01
1.164131e+01 1.325306e+01
1.001886e+01 1.175535e+01
-1.342409e+01 -1.524689e+00
-3.249338e+00 -1.648094e+01
-1.271658e+01 4.056573e-01
9.319874e+00 1.126700e+01
-1.415489e+01 -8.733889e-01
-3.078222e+00 -1.537476e+01
-1.546431e+01 -9.121035e-01
1.213512e+01 1.048304e+01
-1.013627e+01 2.906281e-01
1.735214e+00 -1.586950e+01
-1.233712e+01 -8.046415e-01
3.203394e+00 -1.234781e+01
-1.462420e+01 -6.169401e-01
-1.222612e+01 1.699883e-01
1.131666e+00 -1.566213e+01
-1.971629e+01 -2.310062e+00
-1.167131e+01 1.701847e+00
-1.726314e+01 -1.696302e-01
-2.847147e-01 -1.371870e+01
-1.890569e+01 -2.498117e-02
-1.205380e+01 1.165581e+00
7.796767e-02 -1.752757e+01
1.073415e+01 1.422991e+01
-1.163385e+00 -1.804990e+01
-1.370587e+01 1.157415e+00
-1.035377e+00 -1.500487e+01
-1.519357e+01 -2.067262e+00
1.168136e+01 1.310423e+01
-2.194243e+00 -1.577056e+01
-1.141595e+00 -1.850378e+01
1.126757e+00 -1.541300e+01
-2.329194e+00 -1.569878e+01
-1.017974e+01 -3.489654e-01
-7.906025e-01 -1.457947e+01
4.674144e-01 -1.334625e+01
1.424176e+01 1.144613e+01
2.399673e+00 -1.126929e+01
-2.663656e-01 -1.636526e+01
1.031872e+01 1.028263e+01
-8.835244e-01 -1.347324e+01
1.411877e+01 1.503272e+01
-4.907748e+00 3.960545e-01
1.482674e+01 1.113343e+01
-9.577628e+00 -3.924578e-01
-1.445400e+00 -1.728997e+01
-9.949010e+00 -8.104212e-01
-2.078265e+00 -1.301306e+01
-1.523332e+01 -2.084188e+00
-1.395284e+01 -1.138916e+00
-2.378614e+00 -1.144071e+01
1.729084e+01 1.266383e+01
3.074457e+00 -1.562165e+01
2.011177e+00 -1.613059e+01
2.491141e-01 -1.473580e+01
-8.461685e+00 -7.185691e-01
-1.348561e+01 1.625480e+00
-1.518778e+01 6.501993e-02
-1.729734e+01 -1.410151e-01
1.220505e+01 1.206530e+01
2.896733e+00 -1.430687e+01
-5.395687e-01 -1.306752e+01
3.031029e+00 -1.474465e+01
-1.126574e+00 -1.442679e+01
-6.966601e-01 -1.726948e+01
-1.343380e+01 -6.055077e-01
-1.102255e+01 -9.506210e-02
-5.935954e-01 -1.238365e+01
-1.441253e+01 -7.371831e-01
2.483602e+00 -1.293576e+01
1.208030e+01 8.757919e+00
-2.655537e+00 -1.410167e+01
-1.191469e+01 -3.887954e-01
4.774089e-01 -1.494545e+01
-1.137546e+01 -6.411812e-01
-9.906410e+00 5.576522e-01
-1.200856e+01 5.308090e-01
-1.700328e+01 -1.310689e+00
-1.095039e+01 -2.856289e-02
-2.398740e-01 -1.551083e+01
-1.012824e+01 1.092198e+00
-1.426942e+01 -2.934859e-02
-9.311265e-01 -1.519521e+01
4.391708e+00 -1.674849e+01
4.410311e-01 -1.813911e+01
-9.535815e-01 -1.597531e+01
2.151338e+00 -1.603336e+01
-4.957672e+00 -1.885925e+01
-7.832837e+00 -7.179142e-01
-4.550550e-01 -1.475900e+01
-8.286470e+00 -1.084725e+00
-8.746844e+00 2.086567e+00
-1.874654e+00 -1.535324e+01
-9.257385e+00 9.413178e-01
-1.080800e+01 -7.699703e-01
8.482049e+00 8.376814e+00
1.493489e+00 -1.761435e+01
1.280938e+01 1.220431e+01
-5.455278e-01 -1.244329e+01
6.496467e-02 -1.801585e+01
1.441933e+00 -1.617894e+01
-1.204055e+01 1.045652e+00
-1.301461e+00 -1.329824e+01
-1.468413e+00 -1.437514e+01
-1.057924e+00 -1.023237e+01
-1.188857e+01 7.447825e-01
-1.128737e+01 -1.507392e+00
3.457639e+00 -1.543243e+01
-2.181704e+00 -1.354115e+01
-3.207295e-01 -1.925803e+01
-1.253743e+01 -1.342151e+00
-2.229572e+00 -1.708758e+01
1.966980e+00 -1.477714e+01
-8.035294e+00 4.117331e-01
2.374763e+00 -1.583501e+01
-1.232412e+01 4.538852e-01
1.004208e+01 9.242408e+00
-1.318345e+01 -4.140370e-01
-5.445157e-02 -1.768774e+01
-1.040373e+01 1.233361e+00
-1.514224e+01 -4.362305e-01
2.577835e+00 -1.550648e+01
-2.824742e+00 -1.541139e+01
-1.013490e+01 7.537619e-01
-9.568846e+00 1.299704e+00
-1.593501e+01 4.905404e-01
3.385800e+00 -1.476663e+01
1.011677e+01 1.408901e+01
-6.619355e+00 -5.711975e-01
-5.954994e+00 -6.488904e-01
-3.315319e-01 -1.513103e+01
-1.331216e+01 -7.608594e-01
1.441591e+00 -1.187668e+01
2.213590e+00 -1.195730e+01
-6.691908e+00 -1.725354e+00
3.909452e-01 -1.358565e+01
-9.691528e-01 -1.773495e+01
-9.403120e+00 -1.081911e+00
1.467135e+00 -1.462941e+01
-8.793241e-02 -1.626522e+01
1.461651e+01 1.196589e+01
-2.973719e+00 -1.698468e+01
-1.114732e+01 8.505430e-01
-1.351591e+01 -1.958754e-01
-2.399496e+00 -1.445059e+01
-1.178574e+01 -6.486572e-01
-1.715011e+01 -4.135136e-01
-1.521409e+01 -1.998393e-01
3.142240e-01 -1.391784e+01
1.402518e+00 -1.399393e+01
-1.387077e+01 7.196511e-01
-1.229731e+01 6.200064e-01
8.402762e-01 -1.661354e+01
-1.236308e+01 -9.174922e-01
-1.207356e+01 7.012624e-01
-1.104172e+00 -1.754345e+01
-1.311316e+01 6.872002e-01
-1.191545e+01 -5.562336e-01
-5.489922e+00 5.832502e-01
-1.637317e+00 -1.643367e+01
6.158916e-01 -1.494980e+01
-1.472232e+01 3.731656e-01
-1.059302e-01 -1.733218e+01
-1.299821e+01 -8.550422e-01
-9.660806e+00 8.517317e-02
-1.743018e+01 -2.544053e+00
-1.475317e+01 -1.370591e+00
-1.426241e+01 -2.843834e+00
-9.947381e+00 -1.132898e+00
-2.266277e+00 -1.547208e+01
-1.554169e-01 -1.347998e+01
-1.469027e+01 1.794698e-01
-8.628639e+00 2.530575e-01
-1.144430e+01 1.314509e+00
-1.427210e+01 4.967108e-01
5.677126e-01 -1.340863e+01
1.841562e+00 -1.795773e+01
-1.486234e+00 -1.529591e+01
6.701538e-01 -1.239632e+01
-5.887514e+00 -6.059238e-02
-8.833138e+00 7.606214e-04
-2.394234e+00 -1.432983e+01
-6.998783e+00 -3.973358e-01
-7.428374e+00 -9.786007e-01
1.039011e+00 -1.464732e+01
4.203394e+00 -1.371703e+01
2.503911e-01 -1.697250e+01
1.109156e+01 1.200725e+01
-1.856148e+00 -1.443722e+01
-1.475194e+01 -2.941461e-01
-8.178753e+00 8.743545e-01
-1.202375e+01 -2.097727e-01
-9.470329e+00 3.869325e-01
-4.823742e-01 -1.705727e+01
-1.195769e+01 -7.243507e-01
-1.541805e+00 -1.799909e+01
1.099071e+01 1.178188e+01
2.137147e+00 -1.520672e+01
-1.311377e+01 9.682169e-02
1.090643e+00 -1.656726e+01
-1.318513e+01 8.229115e-01
-9.590531e-01 -1.579896e+01
-1.431437e+01 1.020509e+00
1.061289e-01 -1.427264e+01
-1.160257e+01 -8.326666e-01
-1.122990e+00 -1.592052e+01
-1.433204e+00 -1.330032e+01
-1.516316e+01 -1.237830e+00
-1.112865e+00 -1.327036e+01
-1.574961e+00 -1.556285e+01
-2.559728e+00 -1.907951e+01
-1.416475e+01 -1.779302e+00
-8.016367e+00 3.336169e+00
-9.068622e+00 -5.924893e-02
-1.414008e+01 1.092431e+00
-1.173753e+01 1.845022e+00
-1.094958e+01 -9.421289e-01
2.011701e+00 -1.392176e+01
-1.687406e+01 -1.068385e+00
-6.641158e-01 -1.756872e+01
-7.772815e-01 -1.581719e+01
-1.191715e+01 4.502692e-01
-1.839419e+01 -1.407804e+00
-1.986066e+01 -8.422537e-01
-1.041348e+01 1.056542e+00
2.184630e+00 -1.431947e+01
-1.200712e+01 -6.788090e-01
-1.255899e+00 -1.793055e+01
-1.460519e+00 -1.558483e+01
4.709197e-01 -1.791286e+01
-1.382301e+01 -2.450791e-01
-1.319812e+00 -9.788682e+00
-9.668011e+00 1.020287e+00
-9.520968e+00 1.343727e-01
3.079399e+00 -1.611392e+01
2.703367e+00 -1.364223e+01
-1.709336e+00 -1.506266e+01
-1.946692e+01 -2.009692e-01
5.839888e-01 -1.093417e+01
1.945886e+00 -1.442895e+01
-1.588120e+01 -1.083662e+00
-1.677233e+01 -1.455512e+00
-1.554885e+01 -2.798749e-01
-1.268307e+01 1.088206e+00
-1.277037e+01 9.653542e-01
-1.092103e+01 -8.048025e-01
-1.448669e+01 -4.253222e-01
2.537350e+00 -1.334883e+01
2.722949e-02 -1.633545e+01
-1.702916e+01 -8.973318e-01
-9.709174e+00 1.439661e-01
-1.379049e+01 -3.065224e-01
-1.091587e+01 7.786756e-01
-1.336877e+01 5.643802e-01
-1.420187e+01 3.317208e-01
-6.323207e+00 5.886387e-01
-1.454711e+01 2.350548e-01
1.112511e+01 1.183973e+01
-1.875500e+00 -1.231653e+01
-2.635427e+00 -1.637523e+01
1.726289e+00 -1.619458e+01
1.551447e+00 -1.310847e+01
-1.131894e+01 6.294434e-01
-2.694647e+00 -1.259960e+01
-1.250132e+00 -1.316439e+01
6.695911e-01 -1.496284e+01
-9.946668e-01 -1.683437e+01
5.277441e-01 -1.581588e+01
-1.345481e+01 -7.121123e-02
-2.610655e+00 -1.476411e+01
1.205830e+01 1.300581e+01
-1.183643e+01 1.421695e+00
-1.331463e+01 6.622324e-01
1.443830e+01 1.346914e+01
-3.099832e+00 -1.503034e+01
2.251048e+00 -2.012849e+01
-1.053853e+01 8.444746e-01
1.182123e+01 1.159653e+01
1.409176e+01 9.752130e+00
-2.871232e+00 -1.403641e+01
1.675786e+00 -1.951126e+01
1.031938e-01 -1.650291e+01
-5.711177e+00 3.006124e-01
-1.514705e+00 -1.498768e+01
8.510473e+00 8.326255e+00
-1.437325e+01 -1.786832e+00
6.579614e-01 -1.589822e+01
-9.265883e+00 -1.134145e+00
-1.101040e+01 3.008900e-01
1.819427e-01 -1.629923e+01
-1.420396e+01 -1.069596e+00
1.262407e+01 1.193144e+01
-1.811109e+00 -1.566378e+01
-5.403650e+00 -1.201505e-01
1.316777e+01 1.130964e+01
-9.567004e+00 1.225262e+00
-2.794926e+00 -1.511261e+01
2.834695e+00 -1.119004e+01
1.822619e+01 1.320109e+01
-8.269383e+00 2.856901e-01
-9.293792e+00 1.801095e+00
-1.171240e+01 8.297691e-01
-9.845802e+00 -1.177243e+00
2.564819e+00 -1.492259e+01
2.482724e+00 -1.429220e+01
-1.184109e+01 -3.946787e-01
2.749469e+00 -1.614516e+01
-1.721367e+00 -1.503556e+01
-1.536162e+01 -1.901482e-01
-8.102260e+00 4.472625e-01
-2.662989e+00 -1.643374e+01
-1.004514e+01 -9.074446e-02
-3.353455e+00 -1.534573e+01
1.591310e+00 -1.377106e+01
3.404089e-01 -1.458610e+01
1.633869e+01 1.283339e+01
-1.277043e+01 -9.435022e-01
-6.391278e-01 -1.364796e+01
2.785145e+00 -1.492174e+01
-8.842045e+00 -2.145718e-01
-1.395169e+01 -4.184312e-01
-1.448869e+01 -2.757008e-01
-1.150892e+00 -1.630190e+01
1.612424e+00 -1.521944e+01
-1.275222e+01 -9.778847e-02
-1.006153e+01 3.194498e+00
1.025064e+01 1.349094e+01
-1.092090e+01 4.354193e-01
1.604305e+00 -1.308079e+01
1.866361e+00 -1.500610e+01
-6.623167e+00 1.627818e+00
-1.343238e+01 1.278636e+00
1.024224e+01 1.165395e+01
6.056561e-01 -1.196127e+01
-1.211226e+01 1.446028e+00
1.087049e+01 1.435354e+01
-1.120483e+01 -9.997649e-01
-1.470779e+01 1.438231e+00
1.261783e+00 -1.595338e+01
1.409812e+01 7.819527e+00
-1.649225e+01 -1.084812e+00
8.457668e+00 1.375061e+01
-9.757578e-01 -1.098941e+01
2.691120e+00 -1.290944e+01
-1.394691e+01 7.324506e-02
-1.316091e+00 -1.573091e+01
2.218420e+00 -1.784949e+01
-2.066379e+00 -1.386908e+01
-2.884972e+00 -1.570366e+01
-5.952497e+00 -1.302517e+00
-1.055595e+01 8.243594e-01
-1.652905e+01 1.300381e+00
-1.212110e+01 5.787772e-01
-1.280626e+01 -1.660166e+00
3.112205e-01 -1.218444e+01
-6.726806e+00 -1.866504e-01
-2.089822e+00 -1.524884e+01
1.085489e+00 -1.423667e+01
1.787112e+00 -2.031129e+01
-9.926095e+00 1.009346e+00
-1.740231e+00 -1.819892e+01
-1.324454e+00 -1.505785e+01
-1.247588e+01 -8.218614e-01
-1.225688e+01 -3.390689e-01
2.358914e+00 -1.872489e+01
-8.713121e+00 4.200103e+00
-1.106668e+01 1.535466e+00
-1.354625e+01 -1.063192e+00
-1.152493e+01 -1.312759e-01
1.589893e+00 -1.490875e+01
7.194594e-01 -1.352209e+01
-1.935128e+01 -2.814143e-01
-1.196033e+01 -1.424684e+00
-7.200595e+00 1.744687e+00
-1.515417e+01 -2.092225e-01
-1.478051e+00 -1.229385e+01
-5.815313e+00 -1.329182e-01
2.177567e+00 -1.234445e+01
-1.033594e+01 1.110195e+00
-9.375407e-01 -1.545324e+01
7.486375e-01 -1.480484e+01
-1.000173e+00 -1.872474e+01
-1.633213e+01 7.870849e-01
-8.063072e+00 7.542227e-01
-1.953489e+00 -2.087116e+01
1.306181e+01 1.234715e+01
3.138829e+00 -1.447841e+01
6.554945e-01 -1.407084e+01
-2.719649e+00 -1.496961e+01
-1.236836e+01 2.249649e-01
-7.152474e-01 -1.706553e+01
2.309767e-01 -1.296893e+01
1.826766e-01 -1.693586e+01
1.374317e+01 1.358683e+01
-1.284798e+01 -1.678052e+00
-2.987079e+00 -1.218512e+01
-2.338935e+00 -1.801571e+01
-1.538136e+01 -1.099747e+00
-2.870145e+00 -1.127622e+01
1.158029e+01 4.910872e+00
-3.875058e+00 -1.611026e+01
-8.221609e+00 1.216512e+00
-9.816822e+00 -1.577308e+00
-2.498743e+00 -1.544296e+01
-1.408132e+01 -1.594113e+00
-2.212230e+01 -1.938936e-01
-6.579972e+00 6.424503e-01
-8.044724e-01 -1.344985e+01
-1.256336e+01 5.252856e-01
-1.021053e+00 -1.150990e+01
-1.335208e+01 -1.563970e+00
1.403580e-01 -1.879496e+01
7.186741e-01 -1.587582e+01
1.172247e+00 -1.371997e+01
1.358912e+01 5.923378e+00
3.593840e-01 -9.605090e+00
-8.024178e+00 -7.457713e-01
-7.588958e+00 1.010825e+00
-2.156864e+00 -1.669666e+01
-1.772206e+00 -1.568518e+01
-1.339002e+01 6.347769e-01
1.421361e+01 1.219211e+01
9.832828e+00 1.351167e+01
4.575406e+00 -1.491781e+01
3.948380e+00 -1.263654e+01
5.176392e+00 -1.409868e+01
-1.280084e+01 3.893969e-01
-9.362028e+00 -1.515922e-02
-1.159957e+01 4.738341e-01
-6.183333e-02 -1.379120e+01
-2.321508e+00 -1.269105e+01
-5.004963e-01 -1.408363e+01
-1.505708e+01 -8.575784e-01
-1.872492e+01 1.951683e-01
-1.169865e+01 3.528860e-01
-4.477381e+00 9.628182e-01
1.397325e+00 -1.702069e+01
-1.458630e+01 -1.148969e+00
-1.795356e+00 -1.484739e+01
-2.063855e-01 -1.826936e+01
-1.189415e+01 -2.069252e-02
-8.147524e+00 9.631936e-01
-1.607927e+01 9.138489e-02
2.244142e-01 -1.398410e+01
1.261306e+00 -1.353092e+01
-1.236358e+01 -1.901936e+00
9.135821e-01 -1.060402e+01
-1.261180e+01 8.441476e-01
-7.157754e-01 -1.350966e+01
-1.288038e+00 -1.387688e+01
-1.375739e+00 -1.879867e+01
1.183486e+01 1.457727e+01
-2.313334e-01 -1.257928e+01
-1.086498e+00 -1.290776e+01
-2.027409e-01 -1.456928e+01
-1.679893e+00 -1.538160e+01
-8.934801e+00 -3.429868e-01
1.385824e+00 -1.570252e+01
3.273983e-01 -1.123683e+01
1.910651e+00 -1.505867e+01
-8.481972e+00 6.295270e-01
-6.025566e-01 -1.432022e+01
-2.685307e+00 -1.469507e+01
9.640608e+00 1.175532e+01
6.240822e-01 -1.471856e+01
-9.225027e+00 -3.574785e-01
-1.474671e+01 5.091402e-01
-1.050811e+01 -4.605183e-01
-7.766461e+00 7.433403e-01
-9.255416e-01 -1.737595e+01
1.337390e+01 9.137583e+00
-4.688928e-01 -1.211727e+01
-1.233663e+01 9.630237e-01
-8.793571e+00 5.445752e-01
-4.063991e-01 -1.594598e+01
-7.814270e+00 1.483067e+00
1.781754e+00 -1.698796e+01
-1.166917e+01 3.981541e-01
-1.034254e+01 -1.198183e+00
1.162789e+01 1.217260e+01
9.032030e-01 -1.445275e+01
-1.704514e+01 -1.205635e+00
-1.096849e+01 -1.963001e-01
3.689791e-01 -1.746325e+01
-2.441609e+00 -1.417854e+01
-9.145676e+00 8.487811e-02
-1.351114e+01 -5.357301e-01
6.746328e-01 -1.460316e+01
2.053274e-01 -1.705071e+01
-1.096154e+01 -1.622320e-01
-1.502812e+01 5.964719e-01
-6.630055e-01 -1.810049e+01
-2.118772e+00 -1.824264e+01
3.452726e-01 -1.783863e+01
7.380036e-01 -1.463895e+01
-8.926045e+00 2.673116e+00
-2.485411e+00 -1.530709e+01
1.161188e+01 1.096079e+01
-2.878157e+00 -1.376298e+01
-1.382323e+01 -1.502416e+00
-1.402842e+01 -2.511924e-01
-1.124538e+01 1.872843e+00
7.564659e-01 -1.304544e+01
3.282996e-01 -1.663075e+01
-1.392205e+01 5.582898e-01
3.253196e+00 -1.452007e+01
-1.028848e+01 -1.149432e-01
-8.487898e+00 8.501427e-01
-3.010763e+00 -1.674011e+01
1.660040e+01 1.685187e+01
-1.240953e+01 1.017636e+00
-1.164085e+01 -3.087853e-01
-1.490297e+01 -3.140190e-01
-8.634977e-01 -1.329251e+01
1.319311e+01 1.473706e+01
2.037650e+00 -1.619338e+01
-1.081754e+01 -6.630876e-01
2.906827e+00 -1.605055e+01
-1.118037e+01 2.714042e-01
1.430567e-01 -1.881942e+01
-3.325367e-02 -1.708569e+01
-1.011380e+00 -1.719371e+01
-6.806019e+00 -8.166069e-01
8.801188e-01 -1.633718e+01
-3.720348e+00 -1.185546e+01
-1.573985e+01 -7.607121e-03
-1.280760e+01 -3.893154e-01
-1.277074e+01 -3.597637e-01
-1.037971e+01 1.446067e+00
-1.551852e+01 2.829327e-01
-1.245008e+01 9.097801e-01
1.278598e+01 1.325994e+01
-1.865198e+01 -8.122548e-01
5.007882e+00 1.248043e+01
-1.331306e+00 -1.525243e+01
-2.204721e+00 -1.706890e+01
-1.701795e+01 -8.256459e-01
-9.897853e+00 -4.100631e-01
-1.973616e+01 -1.162456e+00
-1.168717e+01 -8.176511e-01
1.543411e+01 1.275323e+01
-9.257575e+00 1.917354e+00
-8.739411e+00 1.764074e+00
-1.501684e+00 -1.428823e+01
-1.252943e+00 -1.728641e+01
-1.199787e+01 1.128939e-01
-1.094542e+01 1.259079e+00
2.582014e+00 -1.456691e+01
1.154540e+00 -1.899595e+01
-1.446511e+00 -1.494358e+01
-6.969126e-01 -1.395969e+01
7.863065e-01 -9.970266e+00
2.961919e+00 -1.652198e+01
-3.425895e-01 -1.721201e+01
-3.864931e+00 -1.639050e+01
-1.390107e+01 -2.684087e-01
1.645155e+00 -1.565064e+01
-1.503705e+01 -2.850128e-01
1.381443e+00 -1.569796e+01
-1.529944e+01 5.684237e-01
1.097780e+01 1.267093e+01
-1.392505e+00 -1.905300e+01
-1.330802e+01 -3.653153e-01
3.289759e-01 -1.285981e+01
-2.401395e+00 -1.678675e+01
1.319261e+00 -1.115704e+01
-2.403980e+00 -1.544252e+01
-1.071160e+01 -1.299806e-01
2.069161e+00 -1.793051e+01
-1.485778e+01 1.507581e-01
2.374358e+00 -1.326776e+01
6.793903e-02 -1.474710e+01
-9.560191e-01 -1.886929e+01
-1.213419e+01 -5.161497e-01
-1.567590e+01 6.333196e-01
-1.377692e+01 -1.869995e+00
-1.214593e+01 1.643674e+00
-4.352701e+00 -1.793414e+01
2.215539e-01 -1.743355e+01
1.212267e+01 1.510596e+01
-9.933178e+00 3.315495e-01
-8.114531e-01 -1.190502e+01
1.471573e+00 -1.539523e+01
-1.156827e+01 -1.115928e+00
-1.182167e+01 1.128528e-01
1.832951e+00 -1.466468e+01
-1.116641e+00 -1.476285e+01
-8.181076e-01 -1.433831e+01
2.907412e+00 -1.539959e+01
-7.352695e+00 5.019334e-01
1.641772e+00 -1.876150e+01
-1.615012e+01 -1.042895e+00
1.427379e+01 9.949715e+00
-2.512857e+00 -1.271230e+01
-1.315867e+01 -5.881367e-01
1.154896e+00 -1.644593e+01
-1.104859e+01 -2.471586e-01
-2.748089e+00 -1.704318e+01
-8.827851e+00 1.126044e+00
-1.254340e+00 -1.438938e+01
-9.096058e+00 1.447096e+00
1.210781e+01 1.265116e+01
-1.301937e+01 -3.578847e-01
-4.387608e+00 -1.227672e+01
-1.002546e+00 -1.624846e+01
-3.949615e+00 -1.869446e+01
5.960829e-01 -1.376118e+01
1.073291e-01 -1.588349e+01
-1.401476e-01 -1.322042e+01
1.996035e+00 -1.343849e+01
-9.314038e+00 -1.017263e+00
1.339508e+01 7.753121e+00
-3.326295e+00 -1.517283e+01
-9.283482e+00 1.747609e-01
-1.682751e+00 -1.657639e+01
1.058892e-02 -1.883701e+01
2.035459e+00 -1.590967e+01
-1.927245e+00 -1.169516e+01
-6.196983e+00 -4.818479e-01
1.311419e+00 -1.710351e+01
-9.935296e-01 -1.885677e+01
-1.163982e+01 -4.580352e-01
-1.366721e+01 1.405650e+00
2.057011e+00 -1.453217e+01
-1.052382e+01 6.188057e-01
-1.024037e+01 8.627589e-01
-8.409536e-01 -1.368080e+01
2.121094e+00 -1.520081e+01
1.480963e+01 1.363593e+01
1.497420e+00 -1.394530e+01
-1.010046e+01 -9.531472e-01
1.472008e+01 1.365783e+01
3.143488e+00 -1.525552e+01
3.262911e+00 -1.728886e+01
-2.437043e+00 -1.719440e+01
-1.083257e+00 -1.425407e+01
-1.371530e+01 -2.408203e+00
3.545651e+00 -1.370081e+01
-1.433434e+01 -1.221262e-01
-2.339461e+00 -1.063256e+01
-1.686798e+01 -7.093171e-01
1.836636e+00 -1.437973e+01
-6.795843e+00 1.470820e+00
-9.833032e+00 -2.905318e-01
7.552099e+00 1.100073e+01
-1.512368e+01 -4.807882e-01
1.208900e+00 -1.410260e+01
9.759939e-01 -1.437476e+01
-4.173445e-02 -2.075410e+01
8.201834e-01 -1.205330e+01
4.054994e+00 -1.555837e+01