-2.199700000000007 114.8287
0.3516000000000048 114.9672
0.29980000000000473 112.128
1.9125999999999976 115.4554
0.7591000000000037 113.2613
-0.6836100000000016 114.5109
-0.5383099999999956 118.738
-2.007620000000003 115.4898
-0.04397000000000162 114.6474
-4.6235499999999945 117.4507
-11.762370000000004 100.3597
-12.504400000000004 100.7085
1.5541000000000054 114.0077
-0.9644899999999978 118.5579
-0.4994800000000055 114.4687
-0.20126000000000488 114.5067
-15.045339999999996 100.0263
-0.059169999999994616 116.9702
-9.87258 100.2243
-11.208150000000003 99.67127
-13.724549999999994 99.20812
-12.225819999999999 98.37307
-7.255430000000004 99.32878
-1.227339999999998 113.5649
-3.2527900000000045 114.115
1.2103000000000037 119.3877
-10.39501 99.93174
-0.49850000000000705 117.1833
-18.30507 103.1032
-10.682739999999995 100.0216
-11.376720000000006 99.21811
-7.0985900000000015 100.3332
-1.4250100000000003 117.1032
-17.047110000000004 99.75402
-14.174419999999998 101.2781
-0.5920500000000004 116.0242
-15.428650000000005 99.64077
-13.304140000000004 98.30865
1.917199999999994 113.1717
1.414599999999993 111.3663
-15.500839999999997 101.4616
0.8537000000000035 116.5279
-6.271730000000005 116.2007
-3.341229999999996 116.865
-3.187659999999994 115.5261
-0.3676099999999991 116.2425
-0.16715000000000657 114.3809
0.22230000000000416 116.775
-3.656819999999996 111.7298
-16.530919999999995 99.32836
4.241600000000005 115.5432
-11.149910000000006 99.78239
-7.350549999999998 99.34724
0.25440000000000396 109.8993
-14.853070000000002 100.1563
-2.8307800000000043 115.1286
-11.681790000000007 101.0373
-11.711529999999996 99.28654
-16.571089999999998 101.4668
-15.719170000000005 101.0747
-0.1125899999999973 115.1885
-6.433840000000004 100.2008
-10.98093 98.42647
-10.239940000000004 99.91257
2.8917 116.5404
2.194100000000006 115.2664
2.2630999999999943 113.6403
-2.0224099999999936 116.0043
-0.2960700000000003 115.781
-9.645809999999997 100.0989
1.214500000000001 117.1677
0.7472999999999956 112.6107
5.2834 113.5456
-11.57365 99.24331
-1.8120899999999978 113.6141
-0.8599700000000041 115.1204
-0.684740000000005 116.2583
-3.1147399999999976 118.8555
1.469300000000004 113.7193
-16.598209999999995 99.62407
2.5357000000000056 117.1546
-9.156329999999997 99.53765
0.3708000000000027 113.5113
2.776600000000002 117.2888
-11.418729999999996 100.7726
-9.291910000000001 99.83108
-0.31414999999999793 116.0818
0.1915000000000049 113.094
-1.148139999999998 113.5941
0.14100000000000534 115.382
-0.011319999999997776 115.8743
-0.7358799999999945 115.2138
2.096599999999995 113.9945
-0.5364100000000036 116.0704
1.8486999999999938 117.9653
3.309100000000001 113.8051
-10.813990000000004 99.78941
-11.634969999999996 98.17547
-1.8489000000000004 118.7432
-16.337019999999995 100.6271
2.2749000000000024 117.865
-17.076679999999996 101.7756
2.3455000000000013 118.9581
3.154200000000003 114.478
-10.555269999999993 98.81177
0.930800000000005 115.9403
-10.633669999999995 98.78775
0.09189999999999543 114.6599
-14.23912 98.39161
5.816699999999997 115.6417
2.0337999999999994 116.5025
